data1 = [ %Forwards step response
%Position 1, Velocity 1, Position 2, Velocity 2, Time (ms)
0.00	0.00	0.00	0.00	2003.00
0.00	0.00	0.00	0.00	2008.00
0.00	0.79	0.00	0.39	2013.00
0.01	1.18	0.01	1.18	2018.00
0.02	1.57	0.01	1.18	2023.00
0.03	2.36	0.02	1.96	2028.00
0.04	2.36	0.03	1.96	2033.00
0.05	2.36	0.04	1.96	2038.00
0.06	2.36	0.05	1.96	2043.00
0.07	1.96	0.06	1.57	2048.00
0.09	2.75	0.07	1.96	2053.00
0.10	2.75	0.08	2.36	2058.00
0.12	2.75	0.09	2.36	2063.00
0.13	2.75	0.11	2.36	2068.00
0.14	2.75	0.12	2.36	2073.00
0.16	3.14	0.13	2.75	2078.00
0.17	2.75	0.15	2.75	2083.00
0.19	3.14	0.16	3.14	2088.00
0.20	2.75	0.17	2.36	2093.00
0.22	3.14	0.19	2.75	2098.00
0.24	3.53	0.20	3.14	2103.00
0.25	3.14	0.22	3.14	2108.00
0.27	3.53	0.23	3.14	2113.00
0.29	3.53	0.25	2.75	2118.00
0.30	3.14	0.26	3.14	2123.00
0.32	3.53	0.28	3.14	2128.00
0.34	3.27	0.29	2.62	2134.00
0.36	3.14	0.31	3.14	2139.00
0.37	3.53	0.33	3.14	2144.00
0.39	3.53	0.34	3.53	2149.00
0.41	3.53	0.36	3.14	2154.00
0.43	3.93	0.38	3.14	2159.00
0.45	3.53	0.39	3.53	2164.00
0.47	3.93	0.41	3.14	2169.00
0.48	3.93	0.43	3.53	2174.00
0.50	3.14	0.44	2.75	2179.00
0.52	3.93	0.46	3.14	2184.00
0.54	3.93	0.47	3.53	2189.00
0.56	4.32	0.49	3.14	2194.00
0.58	4.32	0.51	3.53	2199.00
0.60	3.93	0.52	3.53	2204.00
0.62	4.32	0.54	3.53	2209.00
0.65	4.32	0.56	3.53	2214.00
0.66	3.53	0.57	2.75	2219.00
0.69	4.71	0.59	3.93	2224.00
0.71	4.32	0.61	3.53	2229.00
0.73	4.71	0.63	3.93	2234.00
0.76	4.71	0.65	3.93	2239.00
0.78	4.71	0.67	3.93	2244.00
0.81	5.11	0.69	3.93	2249.00
0.83	4.71	0.71	4.32	2254.00
0.85	5.11	0.73	3.93	2259.00
0.87	3.93	0.75	3.53	2264.00
0.90	4.71	0.77	4.32	2269.00
0.92	4.71	0.79	4.32	2274.00
0.95	5.11	0.81	4.32	2279.00
0.97	4.71	0.83	4.32	2284.00
0.99	4.71	0.86	4.32	2289.00
1.02	4.71	0.88	4.32	2294.00
1.04	5.11	0.90	4.32	2299.00
1.06	3.93	0.92	3.93	2304.00
1.09	5.50	0.94	4.71	2309.00
1.12	5.11	0.97	4.71	2314.00
1.14	5.50	0.99	4.71	2319.00
1.17	5.11	1.01	4.71	2324.00
1.20	5.50	1.04	5.11	2329.00
1.22	5.50	1.06	5.11	2334.00
1.25	5.11	1.09	4.71	2339.00
1.27	5.11	1.11	4.71	2344.00
1.29	3.93	1.13	3.93	2349.00
1.32	5.11	1.15	4.71	2354.00
1.34	5.11	1.18	4.71	2359.00
1.37	5.11	1.20	4.71	2364.00
1.40	5.11	1.23	5.11	2369.00
1.42	5.50	1.25	5.11	2374.00
1.45	5.50	1.28	5.11	2379.00
1.48	5.50	1.30	5.11	2384.00
1.51	4.58	1.33	4.25	2390.00
1.53	5.50	1.35	5.11	2395.00
1.56	5.11	1.38	5.11	2400.00
1.59	5.50	1.41	5.50	2405.00
1.61	5.50	1.43	5.11	2410.00
1.64	5.11	1.46	5.11	2415.00
1.67	5.50	1.48	5.11	2420.00
1.69	5.50	1.51	5.11	2425.00
1.72	5.50	1.54	5.50	2430.00
1.74	4.32	1.56	4.32	2435.00
1.77	5.89	1.59	5.50	2440.00
1.80	5.50	1.61	5.11	2445.00
1.83	5.89	1.64	5.50	2450.00
1.86	5.50	1.67	5.50	2455.00
1.88	5.50	1.69	5.50	2460.00
1.91	5.50	1.72	5.50	2465.00
1.94	5.50	1.75	5.11	2470.00
1.96	4.71	1.77	4.32	2475.00
1.99	5.11	1.80	5.50	2480.00
2.02	5.50	1.82	5.50	2485.00
2.04	5.50	1.85	5.50	2490.00
2.07	5.50	1.88	5.11	2495.00
2.10	5.89	1.90	5.50	2500.00
2.13	5.50	1.93	5.50	2505.00
2.16	5.50	1.96	5.50	2510.00
2.19	5.89	1.99	5.50	2515.00
2.21	4.32	2.01	4.32	2520.00
2.24	5.89	2.04	5.50	2525.00
2.26	5.50	2.06	5.50	2530.00
2.29	5.50	2.09	5.50	2535.00
2.32	5.89	2.12	5.50	2540.00
2.35	5.89	2.15	5.50	2545.00
2.38	5.89	2.18	5.89	2550.00
2.41	5.89	2.20	5.50	2555.00
2.43	4.71	2.23	4.71	2560.00
2.46	6.28	2.25	5.50	2565.00
2.49	5.89	2.28	5.50	2570.00
2.52	5.50	2.31	5.89	2575.00
2.55	5.89	2.34	5.50	2580.00
2.58	5.50	2.37	5.89	2585.00
2.61	5.50	2.40	5.50	2590.00
2.63	5.50	2.42	5.89	2595.00
2.66	5.89	2.45	5.50	2600.00
2.68	4.32	2.48	4.71	2605.00
2.71	5.89	2.50	5.50	2610.00
2.74	5.50	2.53	5.89	2615.00
2.77	5.89	2.56	5.89	2620.00
2.80	5.50	2.59	5.89	2625.00
2.83	5.89	2.62	5.50	2630.00
2.86	5.89	2.65	5.89	2635.00
2.88	5.50	2.68	5.89	2640.00
2.91	4.91	2.71	4.91	2646.00
2.94	5.50	2.74	5.50	2651.00
2.97	5.89	2.76	5.89	2656.00
3.00	6.28	2.79	5.89	2661.00
3.03	5.89	2.82	5.89	2666.00
3.06	5.89	2.85	5.89	2671.00
3.09	6.28	2.88	6.28	2676.00
3.12	5.89	2.91	5.89	2681.00
3.15	5.89	2.94	5.89	2686.00
3.17	4.32	2.97	4.71	2691.00
3.20	5.89	3.00	5.89	2696.00
3.23	5.89	3.03	6.28	2701.00
3.26	5.50	3.06	5.89	2706.00
3.29	5.50	3.09	5.89	2711.00
3.31	5.50	3.12	6.28	2716.00
3.34	5.89	3.15	5.89	2721.00
3.37	5.89	3.18	5.89	2726.00
3.39	4.32	3.20	5.11	2731.00
3.42	5.89	3.23	5.89	2736.00
3.45	5.89	3.26	6.28	2741.00
3.48	5.89	3.29	5.89	2746.00
3.51	5.89	3.32	6.28	2751.00
3.54	5.89	3.35	5.89	2756.00
3.57	5.89	3.39	6.28	2761.00
3.60	5.89	3.42	6.28	2766.00
3.63	5.89	3.45	5.89	2771.00
3.65	4.71	3.47	5.11	2776.00
3.68	5.89	3.50	6.28	2781.00
3.71	5.89	3.53	6.28	2786.00
3.74	5.89	3.57	6.28	2791.00
3.77	5.50	3.60	6.28	2796.00
3.80	5.89	3.63	5.89	2801.00
3.83	5.50	3.66	6.28	2806.00
3.85	5.50	3.69	5.89	2811.00
3.88	4.32	3.71	5.11	2816.00
3.91	5.89	3.74	6.28	2821.00
3.93	5.50	3.77	5.89	2826.00
3.96	5.89	3.80	5.89	2831.00
3.99	5.89	3.83	6.28	2836.00
4.02	5.89	3.87	6.28	2841.00
4.05	5.89	3.90	5.89	2846.00
4.08	5.89	3.93	6.28	2851.00
4.11	5.89	3.96	6.28	2856.00
4.13	4.71	3.98	4.71	2861.00
4.16	5.89	4.01	6.28	2866.00
4.19	5.89	4.04	6.28	2871.00
4.22	6.28	4.07	5.89	2876.00
4.25	5.89	4.11	6.28	2881.00
4.28	5.89	4.14	6.28	2886.00
4.31	5.89	4.17	6.28	2891.00
4.34	5.89	4.20	6.28	2896.00
4.37	4.91	4.23	5.24	2902.00
4.40	5.89	4.26	6.28	2907.00
4.43	5.89	4.29	6.28	2912.00
4.46	5.50	4.33	6.28	2917.00
4.49	5.89	4.36	6.28	2922.00
4.51	5.50	4.39	6.28	2927.00
4.54	5.89	4.42	6.28	2932.00
4.57	5.89	4.45	6.28	2937.00
4.60	5.89	4.48	6.28	2942.00
4.63	4.71	4.51	5.11	2947.00
4.66	5.89	4.54	6.28	2952.00
4.68	5.89	4.57	6.28	2957.00
4.72	6.28	4.60	6.28	2962.00
4.75	5.89	4.63	6.28	2967.00
4.78	5.89	4.67	6.28	2972.00
4.81	6.28	4.70	6.28	2977.00
4.84	5.89	4.73	6.28	2982.00
4.86	5.11	4.75	5.11	2987.00
4.89	5.89	4.79	6.28	2992.00
4.92	6.28	4.82	6.28	2997.00
4.95	6.28	4.85	6.28	3002.00
4.99	6.28	4.88	6.28	3007.00
5.02	6.28	4.91	6.28	3012.00
5.05	6.28	4.94	6.28	3017.00
5.08	6.28	4.97	6.28	3022.00
5.11	5.89	5.00	6.28	3027.00
5.13	5.11	5.03	4.71	3032.00
5.16	5.89	5.06	6.28	3037.00
5.20	6.28	5.09	6.28	3042.00
5.23	6.28	5.12	6.28	3047.00
5.26	6.28	5.15	6.28	3052.00
5.29	6.28	5.19	6.28	3057.00
5.32	6.28	5.22	5.89	3062.00
5.35	6.68	5.25	6.28	3067.00
5.38	4.71	5.27	5.11	3072.00
5.41	6.28	5.30	5.89	3077.00
5.44	6.28	5.33	6.28	3082.00
5.47	6.28	5.36	6.28	3087.00
5.50	6.28	5.39	5.89	3092.00
5.54	6.68	5.43	6.28	3097.00
5.57	6.28	5.45	5.89	3102.00
5.60	6.28	5.49	6.28	3107.00
5.63	6.28	5.52	5.89	3112.00
5.66	5.11	5.54	5.11	3117.00
5.69	6.68	5.57	5.89	3122.00
5.72	6.28	5.60	5.89	3127.00
5.75	6.28	5.63	5.89	3132.00
5.78	6.28	5.66	5.89	3137.00
5.82	6.28	5.69	5.89	3142.00
5.85	6.68	5.72	5.89	3147.00
5.88	6.28	5.75	6.28	3152.00
5.91	5.56	5.78	4.91	3158.00
5.95	6.28	5.81	5.89	3163.00
5.98	6.68	5.84	5.89	3168.00
6.01	6.68	5.87	5.89	3173.00
6.04	6.28	5.90	6.28	3178.00
6.08	6.68	5.93	5.89	3183.00
6.11	6.68	5.96	6.28	3188.00
6.14	6.68	5.99	5.89	3193.00
6.18	6.28	6.02	5.89	3198.00
6.20	5.50	6.04	5.11	3203.00
6.24	6.68	6.07	5.89	3208.00
6.27	6.68	6.10	6.28	3213.00
6.30	6.28	6.13	5.89	3218.00
6.33	6.68	6.16	5.89	3223.00
6.37	6.28	6.19	5.89	3228.00
6.40	6.28	6.22	6.28	3233.00
6.43	6.28	6.25	5.89	3238.00
6.45	5.10	6.28	4.71	3243.00
6.49	6.28	6.31	5.89	3248.00
6.52	6.28	6.34	5.89	3253.00
6.55	6.68	6.37	6.28	3258.00
6.58	6.28	6.40	5.89	3263.00
6.62	6.68	6.43	5.89	3268.00
6.65	6.28	6.46	6.28	3273.00
6.68	6.68	6.49	5.89	3278.00
6.71	6.68	6.52	5.89	3283.00
6.74	5.11	6.54	4.71	3288.00
6.77	6.68	6.57	5.89	3293.00
6.81	6.68	6.60	5.89	3298.00
6.84	6.68	6.63	5.89	3303.00
6.87	6.68	6.66	5.89	3308.00
6.91	6.68	6.69	6.28	3313.00
6.94	6.28	6.72	5.89	3318.00
6.97	6.28	6.75	5.50	3323.00
6.99	5.10	6.77	4.71	3328.00
7.03	6.28	6.80	5.89	3333.00
7.05	5.89	6.83	5.89	3338.00
7.09	6.28	6.86	5.89	3343.00
7.12	6.28	6.89	5.89	3348.00
7.15	6.28	6.92	5.89	3353.00
7.18	6.28	6.95	5.89	3358.00
7.21	6.68	6.98	6.28	3363.00
