data = [
0.00	0.00	1004.00	127.50
0.00	0.00	1009.00	127.50
0.01	1.57	1014.00	127.50
0.02	1.57	1019.00	127.50
0.02	1.57	1024.00	127.50
0.04	3.14	1029.00	127.50
0.05	3.14	1034.00	127.50
0.07	3.14	1039.00	127.50
0.09	3.14	1044.00	127.50
0.10	3.14	1049.00	127.50
0.12	3.93	1054.00	127.50
0.14	3.93	1059.00	127.50
0.16	4.71	1064.00	127.50
0.18	3.14	1069.00	127.50
0.20	4.71	1074.00	127.50
0.23	4.71	1079.00	127.50
0.26	5.50	1084.00	127.50
0.28	4.71	1089.00	127.50
0.31	5.50	1094.00	127.50
0.33	5.50	1099.00	127.50
0.36	5.50	1104.00	127.50
0.39	4.58	1110.00	127.50
0.42	5.50	1115.00	127.50
0.44	5.50	1120.00	127.50
0.47	5.50	1125.00	127.50
0.50	6.28	1130.00	127.50
0.53	5.50	1135.00	127.50
0.56	6.28	1140.00	127.50
0.59	5.50	1145.00	127.50
0.62	6.28	1150.00	127.50
0.64	4.71	1155.00	127.50
0.67	5.50	1160.00	127.50
0.70	6.28	1165.00	127.50
0.73	6.28	1170.00	127.50
0.77	6.28	1175.00	127.50
0.79	5.50	1180.00	127.50
0.82	6.28	1185.00	127.50
0.86	6.28	1190.00	127.50
0.88	4.71	1195.00	127.50
0.91	6.28	1200.00	127.50
0.94	6.28	1205.00	127.50
0.97	6.28	1210.00	127.50
1.00	5.50	1215.00	127.50
1.03	6.28	1220.00	127.50
1.06	6.28	1225.00	127.50
1.10	6.28	1230.00	127.50
1.13	6.28	1235.00	127.50
1.15	4.71	1240.00	127.50
1.18	6.28	1245.00	127.50
1.21	6.28	1250.00	127.50
1.24	6.28	1255.00	127.50
1.28	6.28	1260.00	127.50
1.31	6.28	1265.00	127.50
1.34	6.28	1270.00	127.50
1.37	6.28	1275.00	127.50
1.39	4.71	1280.00	127.50
1.43	6.28	1285.00	127.50
1.46	6.28	1290.00	127.50
1.49	6.28	1295.00	127.50
1.52	6.28	1300.00	127.50
1.55	6.28	1305.00	127.50
1.58	6.28	1310.00	127.50
1.61	6.28	1315.00	127.50
1.65	6.28	1320.00	127.50
1.67	4.71	1325.00	127.50
1.70	6.28	1330.00	127.50
1.73	6.28	1335.00	127.50
1.76	6.28	1340.00	127.50
1.79	6.28	1345.00	127.50
1.83	6.28	1350.00	127.50
1.86	6.28	1355.00	127.50
1.89	6.28	1360.00	127.50
1.92	5.24	1366.00	127.50
1.95	6.28	1371.00	127.50
1.98	6.28	1376.00	127.50
2.01	6.28	1381.00	127.50
2.05	6.28	1386.00	127.50
2.08	7.07	1391.00	127.50
2.11	6.28	1396.00	127.50
2.14	6.28	1401.00	127.50
2.18	6.28	1406.00	127.50
2.20	4.71	1411.00	127.50
2.23	6.28	1416.00	127.50
2.26	6.28	1421.00	127.50
2.29	6.28	1426.00	127.50
2.32	6.28	1431.00	127.50
2.36	6.28	1436.00	127.50
2.39	6.28	1441.00	127.50
2.42	6.28	1446.00	127.50
2.45	5.50	1451.00	127.50
2.48	6.28	1456.00	127.50
2.51	6.28	1461.00	127.50
2.54	6.28	1466.00	127.50
2.57	6.28	1471.00	127.50
2.60	6.28	1476.00	127.50
2.64	6.28	1481.00	127.50
2.67	6.28	1486.00	127.50
2.70	6.28	1491.00	127.50
2.72	4.71	1496.00	127.50
2.75	6.28	1501.00	127.50
2.78	6.28	1506.00	127.50
2.82	6.28	1511.00	127.50
2.85	6.28	1516.00	127.50
2.88	6.28	1521.00	127.50
2.91	7.07	1526.00	127.50
2.95	6.28	1531.00	127.50
2.97	4.71	1536.00	127.50
3.00	6.28	1541.00	127.50
3.03	6.28	1546.00	127.50
3.06	6.28	1551.00	127.50
3.09	6.28	1556.00	127.50
3.13	6.28	1561.00	127.50
3.16	6.28	1566.00	127.50
3.19	6.28	1571.00	127.50
3.22	6.28	1576.00	127.50
3.24	4.71	1581.00	127.50
3.28	7.07	1586.00	127.50
3.31	6.28	1591.00	127.50
3.34	6.28	1596.00	127.50
3.37	6.28	1601.00	127.50
3.40	6.28	1606.00	127.50
3.44	6.28	1611.00	127.50
3.47	6.28	1616.00	127.50
3.50	5.24	1622.00	127.50
3.53	6.28	1627.00	127.50
3.56	6.28	1632.00	127.50
3.59	6.28	1637.00	127.50
3.62	6.28	1642.00	127.50
3.66	6.28	1647.00	127.50
3.69	6.28	1652.00	127.50
3.72	6.28	1657.00	127.50
3.75	6.28	1662.00	127.50
3.78	5.50	1667.00	127.50
3.81	6.28	1672.00	127.50
3.84	6.28	1677.00	127.50
3.87	6.28	1682.00	127.50
3.90	6.28	1687.00	127.50
3.93	6.28	1692.00	127.50
3.97	6.28	1697.00	127.50
4.00	6.28	1702.00	127.50
4.02	4.71	1707.00	127.50
4.05	6.28	1712.00	127.50
4.08	6.28	1717.00	127.50
4.12	6.28	1722.00	127.50
4.15	6.28	1727.00	127.50
4.18	6.28	1732.00	127.50
4.21	6.28	1737.00	127.50
4.24	6.28	1742.00	127.50
4.28	7.07	1747.00	127.50
4.30	4.71	1752.00	127.50
4.33	6.28	1757.00	127.50
4.36	6.28	1762.00	127.50
4.39	6.28	1767.00	127.50
4.43	6.28	1772.00	127.50
4.46	6.28	1777.00	127.50
4.49	6.28	1782.00	127.50
4.52	6.28	1787.00	127.50
4.55	5.50	1792.00	127.50
4.58	6.28	1797.00	127.50
4.61	6.28	1802.00	127.50
4.64	6.28	1807.00	127.50
4.67	6.28	1812.00	127.50
4.70	6.28	1817.00	127.50
4.74	6.28	1822.00	127.50
4.77	6.28	1827.00	127.50
4.80	6.28	1832.00	127.50
4.82	4.71	1837.00	127.50
4.85	6.28	1842.00	127.50
4.89	6.28	1847.00	127.50
4.92	6.28	1852.00	127.50
4.95	7.07	1857.00	127.50
4.98	6.28	1862.00	127.50
5.01	6.28	1867.00	127.50
5.05	6.28	1872.00	127.50
5.08	5.24	1878.00	127.50
5.11	6.28	1883.00	127.50
5.14	6.28	1888.00	127.50
5.17	6.28	1893.00	127.50
5.20	6.28	1898.00	127.50
5.23	6.28	1903.00	127.50
5.27	6.28	1908.00	127.50
5.30	6.28	1913.00	127.50
5.33	6.28	1918.00	127.50
5.35	4.71	1923.00	127.50
5.38	6.28	1928.00	127.50
5.42	7.07	1933.00	127.50
5.45	6.28	1938.00	127.50
5.48	6.28	1943.00	127.50
5.51	6.28	1948.00	127.50
5.54	6.28	1953.00	127.50
5.58	6.28	1958.00	127.50
5.60	4.71	1963.00	127.50
5.63	6.28	1968.00	127.50
5.66	6.28	1973.00	127.50
5.69	6.28	1978.00	127.50
5.73	6.28	1983.00	127.50
5.76	6.28	1988.00	127.50
5.79	7.07	1993.00	127.50
5.82	6.28	1998.00	127.50
];

